[-0.0288,  0.0421, -0.0325,  0.0135,  0.0423, -0.0319]
[-0.0648,  0.1152, -0.0875,  0.0256,  0.0836, -0.0610]
[-0.0998,  0.1955, -0.1474,  0.0456,  0.1227, -0.0892]
[-0.1334,  0.2728, -0.2046,  0.0655,  0.1600, -0.1160]
[-0.1649,  0.3456, -0.2592,  0.0842,  0.1955, -0.1415]
[-0.1948,  0.4145, -0.3112,  0.1020,  0.2292, -0.1658]
[-0.2236,  0.4810, -0.3605,  0.1192,  0.2614, -0.1890]
[-0.2510,  0.5444, -0.4073,  0.1354,  0.2920, -0.2110]
[-0.2767,  0.6040, -0.4518,  0.1506,  0.3211, -0.2319]
[-0.3014,  0.6611, -0.4941,  0.1651,  0.3488, -0.2519]
[-0.3250,  0.7159, -0.5342,  0.1789,  0.3752, -0.2708]
[-0.3473,  0.7678, -0.5723,  0.1920,  0.4003, -0.2888]
[-0.3685,  0.8171, -0.6084,  0.2043,  0.4242, -0.3059]
[-0.3888,  0.8643, -0.6428,  0.2160,  0.4470, -0.3222]
[-0.4081,  0.9094, -0.6754,  0.2270,  0.4687, -0.3376]
[-0.4265,  0.9521, -0.7063,  0.2374,  0.4893, -0.3523]
[-0.4441,  0.9929, -0.7357,  0.2473,  0.5089, -0.3662]
[-0.4609,  1.0318, -0.7635,  0.2567,  0.5275, -0.3794]
[-0.4769,  1.0689, -0.7900,  0.2655,  0.5451, -0.3920]
[-0.4922,  1.1041, -0.8151,  0.2739,  0.5619, -0.4039]
[-0.5069,  1.1377, -0.8389,  0.2818,  0.5778, -0.4153]
[-0.5208,  1.1697, -0.8616,  0.2893,  0.5930, -0.4261]
[-0.5341,  1.2001, -0.8830,  0.2965,  0.6073, -0.4364]
[-0.5469,  1.2291, -0.9035,  0.3033,  0.6209, -0.4462]
[-0.5590,  1.2567, -0.9228,  0.3097,  0.6338, -0.4556]
[-0.5706,  1.2830, -0.9412,  0.3158,  0.6461, -0.4644]
[-0.5817,  1.3079, -0.9587,  0.3216,  0.6577, -0.4729]
[-0.5923,  1.3317, -0.9753,  0.3271,  0.6688, -0.4809]
[-0.6024,  1.3543, -0.9911,  0.3324,  0.6793, -0.4886]
[-0.6120,  1.3758, -1.0060,  0.3374,  0.6893, -0.4959]
[-0.6212,  1.3963, -1.0203,  0.3422,  0.6987, -0.5028]
[-0.6299,  1.4158, -1.0338,  0.3467,  0.7077, -0.5094]
[-0.6383,  1.4343, -1.0466,  0.3510,  0.7163, -0.5157]
[-0.6463,  1.4519, -1.0588,  0.3551,  0.7245, -0.5217]
[-0.6539,  1.4686, -1.0704,  0.3591,  0.7322, -0.5274]
[-0.6611,  1.4846, -1.0814,  0.3628,  0.7396, -0.5328]
[-0.6680,  1.4997, -1.0919,  0.3663,  0.7466, -0.5379]
[-0.6746,  1.5141, -1.1019,  0.3697,  0.7533, -0.5428]
[-0.6809,  1.5277, -1.1113,  0.3729,  0.7596, -0.5475]
[-0.6869,  1.5407, -1.1203,  0.3760,  0.7657, -0.5519]
[-0.6926,  1.5531, -1.1289,  0.3789,  0.7714, -0.5561]
[-0.6980,  1.5648, -1.1370,  0.3817,  0.7769, -0.5601]
[-0.7032,  1.5760, -1.1448,  0.3843,  0.7821, -0.5639]
[-0.7082,  1.5866, -1.1521,  0.3868,  0.7870, -0.5675]
[-0.7129,  1.5967, -1.1591,  0.3892,  0.7917, -0.5710]
[-0.7174,  1.6063, -1.1658,  0.3915,  0.7962, -0.5743]
[-0.7216,  1.6154, -1.1721,  0.3936,  0.8005, -0.5774]
[-0.7257,  1.6240, -1.1781,  0.3957,  0.8046, -0.5803]
[-0.7296,  1.6322, -1.1839,  0.3977,  0.8085, -0.5832]
[-0.7333,  1.6400, -1.1893,  0.3995,  0.8121, -0.5858]
[-0.7368,  1.6474, -1.1945,  0.4013,  0.8157, -0.5884]
[-0.7401,  1.6545, -1.1994,  0.4030,  0.8190, -0.5908]
[-0.7433,  1.6612, -1.2041,  0.4046,  0.8222, -0.5931]
[-0.7463,  1.6675, -1.2086,  0.4061,  0.8252, -0.5953]
[-0.7492,  1.6736, -1.2128,  0.4076,  0.8281, -0.5974]
[-0.7520,  1.6793, -1.2168,  0.4090,  0.8308, -0.5994]
[-0.7546,  1.6847, -1.2207,  0.4103,  0.8335, -0.6013]
[-0.7571,  1.6899, -1.2243,  0.4115,  0.8360, -0.6030]
[-0.7595,  1.6948, -1.2278,  0.4127,  0.8383, -0.6048]
[-0.7617,  1.6995, -1.2311,  0.4138,  0.8406, -0.6064]
[-0.7639,  1.7039, -1.2343,  0.4149,  0.8427, -0.6079]
[-0.7659,  1.7081, -1.2373,  0.4159,  0.8448, -0.6094]
[-0.7678,  1.7121, -1.2401,  0.4169,  0.8467, -0.6108]
[-0.7697,  1.7159, -1.2428,  0.4179,  0.8486, -0.6121]
[-0.7714,  1.7195, -1.2454,  0.4187,  0.8504, -0.6134]
[-0.7731,  1.7230, -1.2479,  0.4196,  0.8520, -0.6146]
[-0.7747,  1.7262, -1.2502,  0.4204,  0.8536, -0.6157]
[-0.7762,  1.7293, -1.2524,  0.4211,  0.8552, -0.6168]
[-0.7777,  1.7322, -1.2546,  0.4219,  0.8566, -0.6178]
[-0.7790,  1.7350, -1.2566,  0.4225,  0.8580, -0.6188]
[-0.7803,  1.7377, -1.2585,  0.4232,  0.8593, -0.6197]
[-0.7816,  1.7402, -1.2603,  0.4238,  0.8606, -0.6206]
[-0.7828,  1.7426, -1.2621,  0.4244,  0.8618, -0.6215]
[-0.7839,  1.7448, -1.2637,  0.4250,  0.8629, -0.6223]
[-0.7849,  1.7470, -1.2653,  0.4255,  0.8640, -0.6230]
[-0.7860,  1.7490, -1.2668,  0.4260,  0.8650, -0.6237]
[-0.7869,  1.7509, -1.2682,  0.4265,  0.8660, -0.6244]
[-0.7878,  1.7528, -1.2696,  0.4270,  0.8670, -0.6251]
[-0.7887,  1.7545, -1.2709,  0.4274,  0.8678, -0.6257]
[-0.7895,  1.7562, -1.2721,  0.4278,  0.8687, -0.6263]
[-0.7903,  1.7578, -1.2733,  0.4282,  0.8695, -0.6269]
[-0.7911,  1.7593, -1.2744,  0.4286,  0.8703, -0.6274]
[-0.7918,  1.7607, -1.2754,  0.4289,  0.8710, -0.6279]
[-0.7925,  1.7620, -1.2764,  0.4293,  0.8717, -0.6284]
[-0.7931,  1.7633, -1.2774,  0.4296,  0.8724, -0.6289]
[-0.7937,  1.7645, -1.2783,  0.4299,  0.8730, -0.6293]
[-0.7943,  1.7657, -1.2792,  0.4302,  0.8736, -0.6297]
[-0.7949,  1.7668, -1.2800,  0.4305,  0.8742, -0.6301]
[-0.7954,  1.7678, -1.2808,  0.4308,  0.8747, -0.6305] o
[-0.8064,  1.9953, -0.9831,  0.7100,  1.1818, -1.1531]
[-0.4831,  1.9275, -0.8680,  1.8928,  1.0792, -1.7261]
[-0.2676,  2.1074, -1.1871,  2.8793,  1.3820, -2.1976]
[-0.4396,  2.1692, -1.3034,  2.7575,  1.2643, -2.2182]
[-0.4832,  2.1594, -1.2836,  2.7168,  1.2418, -2.1969]
[-0.5038,  2.1702, -1.3038,  2.7022,  1.2258, -2.2001] c
[-0.3549,  2.1069, -1.1894,  2.8148,  1.3317, -2.1924]
[ 0.0785,  1.9675, -0.9094,  2.8797,  1.4551, -2.0722]
[ 0.2157,  1.9602, -0.8871,  2.8798,  1.4707, -2.0587]
[ 0.1916,  2.5448, -1.1488,  2.8798,  1.5290, -1.7506]
[ 0.1908,  2.6967, -1.2133,  2.8798,  1.5453, -1.6671] o




